00111000000001000000000000000101001110000001100100000000000000000011100000011011000000000000001100111000000000100000000000000000
10001111001010010000000000000000100011110010101000000000000000011000111100101011000000000000001000000011001110111100100000100000
00001000000000000000000000000001000100010010010000000000000000010001000101000100000000000000001000010001011001000000000000000011
00000011001110111100100000100010000000000000000000000000000000000000000000000000000000000000000000000000000000000000000000000000
00000011001000000001000000100000000010000000000000000000000010010000000000000000000000000000000000000000000000000000000000000000
00000011001110111100100000100010001110000001000100000000000000010000000000000000000000000000000000000000000000000000000000000000
00000011001100010001000000100000000010000000000000000000000010010000000000000000000000000000000000000000000000000000000000000000
00000011001110111100100000100010001110000001000100000000000000100000000000000000000000000000000000000000000000000000000000000000
00000011001100010001000000100000000010000000000000000000000010010000000000000000000000000000000000000000000000000000000000000000
00001000000000000000000000001001000000000000000000000000000000000000000000000000000000000000000000000000000000000000000000000000
