10001100000001000000000000000001100011000000010100000000000000100000000000000000000000000000000000000000000000000000000000000000
00000000000000000000000000000000000000000000000000000000000000000000000000000000000000000000000000001100000000000000000000000100
00000000011000001000000000100000001110000111000100000000000001100011100001110010000000000000011110001100000000100000000000000101
00001000000000000000000000000011000000000000000000000000000000000000000000000000000000000000000000000000000000000000000000000000
10001100000011110000000000000011100011000000111000000000000000001000110000001101000000000000010000000000000000000000000000000000
00000011101011111110100000100000000000000000000000000000000000000000000000000000000000000000000000000000000000000000000000000000
10101111101111110000000000000010101011111010010000000000000000011010111110100101000000000000000000000000000011100101100000100000
00000000101000000100100000100000000000000110000000011000001000000000000000000000000000000000000000001100000000000000000000001010
10001111101111110000000000000010100011111010010000000000000000011000111110100101000000000000000000000000000000000000000000000000
00000000000000000000000000000000000000000000000000000000000000000000001110101101111010000010000000000011111000000000000000001000
00000000011001000001100000100000000000010010101101001000001000100000000000000000000000000000000000000000000000000000000000000000
00000000000000000000000000000000000000000000000000000000000000000000000000000000000000000000000000000001001010110101000000101010
00000000000000000000000000000000000000000000000000000000000000000000000000000000000000000000000000010101010000000000000000000001
00000000000000000000000000000000000000000000000000000000000000000000000000000000000000000000000000001000000000000000000000001010
00000000000000000000000000000000000000000000000000000000000000000000000000000000000000000000000000000011111000000000000000001000