0000000000000000010000000010000000111000000011110000000000100100
0011100000001110000000000000000100111000000001100000000000000001
0000000100001111010000000010000000000000000000000000000000000000
0000000000000000010010000010000000000000000000000010000000100000
1000110010001010000000000000000010001100100010110000000000000001
0000000101001011011010000010101000000000000000000000000000000000
0001000110100000000000000000001000000000000000000000000000000000
0000000000000110010010000010000010101100100010100000000000000001
1010110010001011000000000000000000000000000000000000000000000000
0000000010001110001000000010000000000000000000000000000000000000
0001010010001000111111111111100100000000000000000000000000000000
0001010100100000111111111111011100000000000000000000000000000000
