00000000000000000100000000100000
00111000000011110000000000001001
00111000000011100000000000000001
00111000000001100000000000000001
00000001000011110100000000100000
00000000000000000100100000100000
00000000000000000010000000100000
10001100100010100000000000000000
10001100100010110000000000000001
00000001010010110110100000101010
00010001101000000000000000000011
00000000000001100100100000100000
10101100100010100000000000000001
10101100100010110000000000000000
00000000100011100010000000100000
00010100100010001111111111110111
00010101001000001111111111110100
