00111000000010000000000000111100
00111000000010010000000000000111
00111000000010100000000000000001
00111000000010110000000000000111

00000000000010000101100000100000
00000001000010010110100000100000
00000000000000000000000000000000
00000000000000000000000000000000

10001101011011000000000000000000
10001101101011100000000000000000
00000000000000000000000000000000
00000000000000000000000000000000

10101101101011000000000000000000
10101101011011100000000000000000
00000001011010100101100000100000
00000001101010100110100000100010

00000000000000000000000000000000
00000001011011010111100000101010
00000000000000000000000000000000
00000000000000000000000000000000

00000000000000000000000000000000
00000000000000000000000000000000
00010001111000000000000000000001
00001000000000000000000000000010

00000000000000000000000000000000
00000000000000000000000000000000
00000000000000000000000000000000
00001000000000000000000000000110
